'each line must have a comma ,
'interpolation with a twist,
',
 0 0 0 0 0 0 0 0 0 0 0 1 0 0 3, 5
 0 0 0 0 0 0 0 0 2 4 1 2 0 3 3,
 0 3 2 4 1 2 0 3 2 4 1 2 0 3 3,
 1 1 1 1 1 1 1 3 2 4 1 2 0 3 3,
',
 0 0 0 0 0 0 0 0 0 0 0 0 0 2 2, 7
 1 2 3 1 2 3 1 2 3 1 2 3 3 3 4,
 3 3 3 3 3 3 3 3 3 3 3 3 3 3 4,
 0 0 0 0 0 0 0 0 3 3 3 3 3 3 4,
',
   0   0   0   0   0   0   0   0  25, 127
   0   0   0   0   0   0   0 108 109,
 108 108 108 108 108 108 108 108 109,
 126 126 126 126 108 108 108 108 109,
0
